290
170
255
439
285
479
176
298
67
433
291
317
218
272
413
291
382
257
369
441
314
370
151
472
151
97
88
97
337
172
316
220
423
288
353
208
459
343
344
318
142
313
90
327
87
462
357
237
142
465
363
316
338
435
460
348
498
168
454
147
375
124
369
154
428
466
161
188
407
182
324
233
104
309
385
272
498
96
448
183
232
457
323
429
419
269
155
243
257
445
333
292
172
429
152
351
476
372
253
347
474
112
463
156
307
387
468
461
326
475
463
318
399
299
180
313
460
277
453
442
190
407
241
480
474
131
250
242
470
451
498
403
495
370
457
146
454
222
381
309
484
186
299
500
273
463
479
373
316
264
366
469
327
219
258
361
248
335
449
486
185
198
366
202
232
434
386
465
266
191
274
443
399
314
209
324
287
442
319
253
461
256
223
452
463
298
386
246
285
269
456
343
359
367
328
241
465
391
409
375
288
249
268
494
462
435
239
499
293
252
247
263
459
285
467
258
303
275
258
487
393
290
349
469
263
321
455
254
490
263
450
256
447
272
500
325
289
323
457
447
445
314
396
410
446
256
305
478
495
442
388
354
328
494
371
402
298
491
446
445
403
428
391
367
280
338
400
418
328
383
276
471
273
424
409
318
306
289
498
435
426
325
410
328
373
318
299
342
413
473
460
424
483
318
340
437
328
473
442
463
408
392
414
492
373
401
461
489
380
385
447
342
375
420
419
340
465
416
490
435
337
331
331
379
443
326
441
350
469
473
425
455
333
334
375
494
460
453
382
346
421
381
354
391
369
371
405
357
425
498
373
422
499
414
479
358
370
441
480
455
364
496
400
385
493
382
484
428
422
376
387
390
436
457
499
442
411
487
460
391
449
437
445
421
449
455
444
466
451
405
411
496
428
481
499
491
489
461
463
400
417
468
465
404
420
476
417
487
427
493
430
429
491
422
474
495
483
477
499
499
459
453
430
471
441
481
494
452
435
457
444
460
469
486
449
497
491
450
448
488
467
465
452
491
486
494
490
464
488
475
480
462
475
465
479
481
471
490
488
490
471
499
464
466
500
476
482
477
492
484
477
483
494
477
489
500
494
488
495
483
482
491
488
494
487
490
495
491
494
500
491
494
496
500
497
496
498
500
500
500
